VariaþÒo do programa: P1
N·mero de Cores: 8
N·mero de computadores Remotos: 0
N·mero de linhas da Matriz: 10
N·mero de colunas da matriz: 10
Tempo de processamento (em segundos): 0.000141

40.0 40.0 40.0 40.0 40.0 40.0 40.0 40.0 40.0 40.0
40.0 40.0 40.0 40.0 40.0 40.0 40.0 40.0 40.0 40.0
40.0 40.0 40.0 40.0 40.0 40.0 40.0 40.0 40.0 40.0
40.0 40.0 40.0 40.0 40.0 40.0 40.0 40.0 40.0 40.0
40.0 40.0 40.0 40.0 40.0 40.0 40.0 40.0 40.0 40.0
40.0 40.0 40.0 40.0 40.0 40.0 40.0 40.0 40.0 40.0
40.0 40.0 40.0 40.0 40.0 40.0 40.0 40.0 40.0 40.0
40.0 40.0 40.0 40.0 40.0 40.0 40.0 40.0 40.0 40.0
40.0 40.0 40.0 40.0 40.0 40.0 40.0 40.0 40.0 40.0
40.0 40.0 40.0 40.0 40.0 40.0 40.0 40.0 40.0 40.0
